keep=0.5730061587274417
threshold=3.0629495480731097
interSpeciesRate=0.0005857618818124193
noCrossoverOff=0.3235829266021727
probabilityWeightMutated=0.8035651482535977
probabilityAddNodeSmall=0.03587295944744749
probabilityAddLink_small=0.01097355276923755
probabilityAddNodeLarge=0.21464367009890867
probabilityAddLink_Large=0.1525157709295547
largeSize=20
c1=1.3543811181620464
c2=0.7976202627733012
c3=0.30980919404845947
numberGenomes=50
numberInputs=16
numberOutputs=3
evolutions=50
n_max=300
learningRate=5
inputWeights=108.30232735230094,141.34117294594537
weightsRange=-10,10
process_max=10
function=
