keep=0.5380460491156274
threshold=2.350721259567469
interSpeciesRate=0.0007248890075156675
noCrossoverOff=0.30742325857528574
probabilityWeightMutated=0.793292209736676
probabilityAddNodeSmall=0.03574042827568876
probabilityAddLink_small=0.033430149434633974
probabilityAddNodeLarge=0.18289340209665755
probabilityAddLink_Large=0.1629810279814719
largeSize=20
c1=1.431784666155635
c2=0.5102087620379099
c3=0.48685713132302627
numberGenomes=50
numberInputs=120
numberOutputs=2
evolutions=50
n_max=400
learningRate=5
inputWeights=98.90502682972834,132.9951507678634
weightsRange=-10,10
process_max=25
function=
