keep=0.5207971675677745
threshold=2.2649111093650722
interSpeciesRate=0.0007576307362339319
noCrossoverOff=0.26898763254970837
probabilityWeightMutated=0.7268237823765819
probabilityAddNodeSmall=0.03813017266163544
probabilityAddLink_small=0.019568249852387785
probabilityAddNodeLarge=0.3638787169776907
probabilityAddLink_Large=0.18859457363782028
largeSize=30
c1=1.0353648351512237
c2=1.2707371014951068
c3=0.41179246865549257
numberGenomes=50
numberInputs=12
numberOutputs=3
evolutions=50
n_max=100
learningRate=10
inputWeights=7.9226800514844555,146.07045018517945
weightsRange=-20,80
process_max=50
function=acrobot
