keep=0.46882624572917
threshold=2.996423663203456
interSpeciesRate=0.0009732313877686
noCrossoverOff=0.1799576416171051
probabilityWeightMutated=0.7407883562802517
probabilityAddNodeSmall=0.033446400760366
probabilityAddLink_small=0.0452303991658574
probabilityAddNodeLarge=0.135669434940164
probabilityAddLink_Large=0.185802883226089
largeSize=30
c1=1.2046201742955325
c2=0.9306889965082988
c3=0.4833775433369756
numberGenomes=50
numberInputs=12
numberOutputs=3
evolutions=50
n_max=100
learningRate=10
inputWeights=11.392604137844014,115.9707145166143
weightsRange=-20,80
process_max=50
function=acrobot
