keep=0.5097456106152186
threshold=2.599665521061032
interSpeciesRate=0.0008789717222090727
noCrossoverOff=0.2886418253595304
probabilityWeightMutated=0.7013107417473625
probabilityAddNodeSmall=0.030505906814838897
probabilityAddLink_small=0.03466229293684728
probabilityAddNodeLarge=0.2742804347041173
probabilityAddLink_Large=0.1528407761250842
largeSize=20
c1=0.6944296024889887
c2=1.4546293839583733
c3=0.4130826498720508
numberGenomes=50
numberInputs=120
numberOutputs=2
evolutions=50
n_max=400
learningRate=5
inputWeights=99.6436617491062,163.1543215345358
weightsRange=-10,10
process_max=25
function=
