keep=0.4959213785603442
threshold=2.522074653257393
interSpeciesRate=0.001089942457919601
noCrossoverOff=0.1893282500116726
probabilityWeightMutated=0.7614192480483408
probabilityAddNodeSmall=0.029633813218401715
probabilityAddLink_small=0.02931882357620748
probabilityAddNodeLarge=0.021222233813024807
probabilityAddLink_Large=0.06939313420007549
largeSize=20
c1=0.8949785087425796
c2=0.7183967166004893
c3=0.4139586624515414
numberGenomes=50
numberInputs=16
numberOutputs=3
evolutions=50
n_max=300
learningRate=5
inputWeights=129.27205464771694,132.9321694578788
weightsRange=-10,10
process_max=10
function=
