keep=0.4498044050463387
threshold=2.837555348491292
interSpeciesRate=0.0012899547348038634
noCrossoverOff=0.3175906003273276
probabilityWeightMutated=0.81695913591271
probabilityAddNodeSmall=0.032105656783878264
probabilityAddLink_small=0.03468043909947909
probabilityAddNodeLarge=0.09625437867131073
probabilityAddLink_Large=0.10352408295402521
largeSize=30
c1=0.723802150279231
c2=1.23780586642908
c3=0.4968761199023195
numberGenomes=50
numberInputs=12
numberOutputs=3
evolutions=50
n_max=100
learningRate=10
inputWeights=48.17872782280851,172.05059201503366
weightsRange=-20,80
process_max=50
function=acrobot
