keep=0.5107447944734257
threshold=2.1358167665862893
interSpeciesRate=0.0013645534337652
noCrossoverOff=0.2126629793435747
probabilityWeightMutated=0.7462621571967982
probabilityAddNodeSmall=0.0265084996814204
probabilityAddLink_small=0.0207485217476782
probabilityAddNodeLarge=0.2791046463482918
probabilityAddLink_Large=0.1785284797177815
largeSize=30
c1=0.5039957479861152
c2=1.2976364887269007
c3=0.403491949341825
numberGenomes=50
numberInputs=12
numberOutputs=3
evolutions=50
n_max=100
learningRate=10
inputWeights=11.01121098070742,94.13181639611471
weightsRange=-20,80
process_max=50
function=acrobot
