keep=0.46050791146831144
threshold=2.8409682336175464
interSpeciesRate=0.0010442496981828686
noCrossoverOff=0.23807052406781176
probabilityWeightMutated=0.8960554154653098
probabilityAddNodeSmall=0.0383264322707145
probabilityAddLink_small=0.0312854370359875
probabilityAddNodeLarge=0.323665833486758
probabilityAddLink_Large=0.1587225545546329
largeSize=20
c1=1.4170427703364386
c2=1.3886149839789181
c3=0.41276514237094225
numberGenomes=50
numberInputs=4
numberOutputs=3
evolutions=50
n_max=100
learningRate=10
inputWeights=14.096142650831617,154.9861228181987
weightsRange=-20,80
process_max=50
function=mountaincar
