keep=0.5965428429875459
threshold=3.981557072611839
interSpeciesRate=0.0009212401850111145
noCrossoverOff=0.276934426007294
probabilityWeightMutated=0.8291208938443579
probabilityAddNodeSmall=0.02300322677537098
probabilityAddLink_small=0.021458767332641543
probabilityAddNodeLarge=0.29501173820108934
probabilityAddLink_Large=0.19946247983167253
largeSize=20
c1=0.8057280107346413
c2=1.2402650243716744
c3=0.4232918341104655
numberGenomes=50
numberInputs=16
numberOutputs=3
evolutions=50
n_max=300
learningRate=5
inputWeights=108.22150398713904,140.24663808953204
weightsRange=-10,10
process_max=10
function=
