keep=0.4377532306902928
threshold=2.5330163608418803
interSpeciesRate=0.0005972934240867666
noCrossoverOff=0.1814403741808869
probabilityWeightMutated=0.7926161926627036
probabilityAddNodeSmall=0.022158490741580657
probabilityAddLink_small=0.02539657279156515
probabilityAddNodeLarge=0.23773238358413235
probabilityAddLink_Large=0.18459721909198096
largeSize=20
c1=1.3862069283202823
c2=0.9609151840414271
c3=0.4890923379862855
numberGenomes=50
numberInputs=16
numberOutputs=3
evolutions=50
n_max=300
learningRate=5
inputWeights=93.92059940716427,150.5294293979415
weightsRange=-10,10
process_max=10
function=
