keep=0.5331065478272682
threshold=3.9684534018082687
interSpeciesRate=0.0011411840659397298
noCrossoverOff=0.2810369919498087
probabilityWeightMutated=0.7830568548596096
probabilityAddNodeSmall=0.03147737431723776
probabilityAddLink_small=0.010379051259428253
probabilityAddNodeLarge=0.13414200109538485
probabilityAddLink_Large=0.0912817855451189
largeSize=20
c1=1.06457966362628
c2=1.0940947566570016
c3=0.3802186432754027
numberGenomes=50
numberInputs=16
numberOutputs=3
evolutions=50
n_max=300
learningRate=5
inputWeights=116.06251498025625,157.81238835240075
weightsRange=-10,10
process_max=10
function=
