keep=0.48799896321288205
threshold=3.257566861074582
interSpeciesRate=0.0008061343862770206
noCrossoverOff=0.2853508074296173
probabilityWeightMutated=0.7479536291855043
probabilityAddNodeSmall=0.020011995686277907
probabilityAddLink_small=0.03186948039076182
probabilityAddNodeLarge=0.3728138863157716
probabilityAddLink_Large=0.12490107723767337
largeSize=20
c1=0.7536203951724164
c2=1.252499210623382
c3=0.3421491581761393
numberGenomes=50
numberInputs=120
numberOutputs=2
evolutions=50
n_max=300
learningRate=5
inputWeights=111.9824663924841,138.37465739964838
weightsRange=-10,10
process_max=25
function=
