keep=0.4681914033705634
threshold=3.254442423183239
interSpeciesRate=0.0011928904054225658
noCrossoverOff=0.30258603727105204
probabilityWeightMutated=0.8236215636939731
probabilityAddNodeSmall=0.027536589699906456
probabilityAddLink_small=0.024898447784310773
probabilityAddNodeLarge=0.03415172004490454
probabilityAddLink_Large=0.19781351718695087
largeSize=20
c1=1.4878660510073403
c2=0.9786252017140649
c3=0.392471843550019
numberGenomes=50
numberInputs=52
numberOutputs=3
evolutions=50
n_max=300
learningRate=5
inputWeights=100.87824427772827,147.22169318247293
weightsRange=-10,10
process_max=25
function=
