keep=0.5083714640499155
threshold=2.789080858726561
interSpeciesRate=0.0009906779638749947
noCrossoverOff=0.28475149946496764
probabilityWeightMutated=0.7298358135207365
probabilityAddNodeSmall=0.032559380250820794
probabilityAddLink_small=0.03596879659863352
probabilityAddNodeLarge=0.3057661107457893
probabilityAddLink_Large=0.1087572545759312
largeSize=20
c1=0.9129975717763134
c2=0.9029296635553827
c3=0.33499267197844124
numberGenomes=50
numberInputs=120
numberOutputs=2
evolutions=50
n_max=400
learningRate=5
inputWeights=108.00428676528271,159.28969139320165
weightsRange=-10,10
process_max=25
function=
