keep=0.4848374698680664
threshold=3.3293618440195525
interSpeciesRate=0.0006569883645087947
noCrossoverOff=0.3242533364961431
probabilityWeightMutated=0.8909719211204917
probabilityAddNodeSmall=0.02981625915673094
probabilityAddLink_small=0.04023516599362495
probabilityAddNodeLarge=0.0707256471002977
probabilityAddLink_Large=0.1544722072324148
largeSize=20
c1=0.8126864264375474
c2=0.6304635172715374
c3=0.31378505764406067
numberGenomes=50
numberInputs=52
numberOutputs=3
evolutions=50
n_max=300
learningRate=5
inputWeights=125.13658629391901,148.555692389744
weightsRange=-10,10
process_max=25
function=
