keep=0.45088029031916854
threshold=3.0781575471154925
interSpeciesRate=0.0012594948590586522
noCrossoverOff=0.3202332654147044
probabilityWeightMutated=0.8215672264513285
probabilityAddNodeSmall=0.024736991936216285
probabilityAddLink_small=0.04526430803907168
probabilityAddNodeLarge=0.054153171451299914
probabilityAddLink_Large=0.13208148534386205
largeSize=20
c1=1.137630973831775
c2=1.1009578960670723
c3=0.32245889447115417
numberGenomes=50
numberInputs=120
numberOutputs=2
evolutions=50
n_max=400
learningRate=5
inputWeights=112.62211537093927,163.7217416139155
weightsRange=-10,10
process_max=25
function=
