keep=0.4073740641191942
threshold=2.252335096399305
interSpeciesRate=0.001327697079665467
noCrossoverOff=0.28262058419057656
probabilityWeightMutated=0.7663533147221956
probabilityAddNodeSmall=0.03395711753306331
probabilityAddLink_small=0.030085601410599225
probabilityAddNodeLarge=0.17301028686350509
probabilityAddLink_Large=0.13380623059687854
largeSize=20
c1=0.6197265285684774
c2=0.9350344868857616
c3=0.4857923603229662
numberGenomes=50
numberInputs=8
numberOutputs=2
evolutions=50
n_max=200
learningRate=5
inputWeights=100.25557868687886,166.56663542503856
weightsRange=-20,80
process_max=25
function=cartpole
