keep=0.4155581037935764
threshold=3.0357866030610734
interSpeciesRate=0.0013753981315625051
noCrossoverOff=0.19431659580552113
probabilityWeightMutated=0.8859944790563838
probabilityAddNodeSmall=0.03304076959243049
probabilityAddLink_small=0.03337260883021008
probabilityAddNodeLarge=0.29384464444354813
probabilityAddLink_Large=0.0924951309763878
largeSize=20
c1=1.1335903606680178
c2=1.2298244330331467
c3=0.49650655416298695
numberGenomes=50
numberInputs=120
numberOutputs=2
evolutions=50
n_max=300
learningRate=5
inputWeights=125.8097753853783,147.92791867155177
weightsRange=-10,10
process_max=25
function=
