keep=0.42963948127164864
threshold=2.5789035763324515
interSpeciesRate=0.001497236167819842
noCrossoverOff=0.3371521658941857
probabilityWeightMutated=0.8254327975802513
probabilityAddNodeSmall=0.03780230593232456
probabilityAddLink_small=0.034933683485932336
probabilityAddNodeLarge=0.11724638011335695
probabilityAddLink_Large=0.1391201637839368
largeSize=20
c1=0.7590157140622827
c2=0.7322580760968933
c3=0.4280376883793414
numberGenomes=50
numberInputs=120
numberOutputs=2
evolutions=50
n_max=400
learningRate=5
inputWeights=121.60509037468064,145.7735953176236
weightsRange=-10,10
process_max=25
function=
