keep=0.4014149273487422
threshold=3.981025624503276
interSpeciesRate=0.000625755350241522
noCrossoverOff=0.345129608746466
probabilityWeightMutated=0.7597799286841895
probabilityAddNodeSmall=0.03231306969806973
probabilityAddLink_small=0.024776733513527112
probabilityAddNodeLarge=0.36956069004182973
probabilityAddLink_Large=0.12419049392576917
largeSize=20
c1=1.4908697384821086
c2=0.8203872863332078
c3=0.38977657597540255
numberGenomes=50
numberInputs=16
numberOutputs=3
evolutions=50
n_max=300
learningRate=5
inputWeights=113.01746567182973,151.0115280370464
weightsRange=-10,10
process_max=10
function=
