keep=0.508648849956464
threshold=3.51547274286773
interSpeciesRate=0.0013377862404237903
noCrossoverOff=0.20617958625659413
probabilityWeightMutated=0.7438007727331665
probabilityAddNodeSmall=0.03808418908638023
probabilityAddLink_small=0.01621484939911135
probabilityAddNodeLarge=0.1804246956645086
probabilityAddLink_Large=0.09184987902884947
largeSize=20
c1=0.5327283363336044
c2=1.2675096516328384
c3=0.3493910610887837
numberGenomes=50
numberInputs=52
numberOutputs=3
evolutions=50
n_max=300
learningRate=5
inputWeights=109.28011481798504,164.85069570387714
weightsRange=-10,10
process_max=25
function=
