keep=0.46293465151447627
threshold=3.5107155235494574
interSpeciesRate=0.001275758416445301
noCrossoverOff=0.29852814242617054
probabilityWeightMutated=0.7828546226929924
probabilityAddNodeSmall=0.029365033066280938
probabilityAddLink_small=0.048872611866761444
probabilityAddNodeLarge=0.25774818968285584
probabilityAddLink_Large=0.17617427233768085
largeSize=20
c1=0.8227336500170127
c2=1.2561110269628821
c3=0.3490125582954535
numberGenomes=50
numberInputs=52
numberOutputs=3
evolutions=50
n_max=300
learningRate=5
inputWeights=124.22513896625333,162.0181225651383
weightsRange=-10,10
process_max=25
function=
