keep=0.4009640521308798
threshold=3.5976193883238805
interSpeciesRate=0.0009751869542205789
noCrossoverOff=0.19487228060443737
probabilityWeightMutated=0.7397732134497473
probabilityAddNodeSmall=0.03504833381630518
probabilityAddLink_small=0.028492957923370577
probabilityAddNodeLarge=0.18195339359306445
probabilityAddLink_Large=0.15906498974958108
largeSize=20
c1=1.1074003371764847
c2=0.5006493982214695
c3=0.36373767164689585
numberGenomes=50
numberInputs=8
numberOutputs=2
evolutions=50
n_max=200
learningRate=5
inputWeights=103.42672065162576,140.9514300667104
weightsRange=-20,80
process_max=25
function=cartpole
