keep=0.5172227416582754
threshold=3.0027679452782396
interSpeciesRate=0.0005471083392829573
noCrossoverOff=0.2898595343912316
probabilityWeightMutated=0.8338222500493878
probabilityAddNodeSmall=0.02839876712882503
probabilityAddLink_small=0.015956286724164843
probabilityAddNodeLarge=0.13131669795209952
probabilityAddLink_Large=0.08926307603707131
largeSize=20
c1=0.7761199526216291
c2=1.301192405598361
c3=0.33925961928176807
numberGenomes=50
numberInputs=4
numberOutputs=3
evolutions=50
n_max=100
learningRate=10
inputWeights=56.75347810887342,138.2316008096575
weightsRange=-20,80
process_max=50
function=mountaincar
