keep=0.46346755783361054
threshold=3.3438619466896022
interSpeciesRate=0.0007743666921976314
noCrossoverOff=0.20036699303755487
probabilityWeightMutated=0.8286704828923298
probabilityAddNodeSmall=0.03660073705592998
probabilityAddLink_small=0.02795074743028564
probabilityAddNodeLarge=0.11562160156965705
probabilityAddLink_Large=0.09642327198500947
largeSize=20
c1=0.5004211555994883
c2=0.9846551180279008
c3=0.4632054339881015
numberGenomes=50
numberInputs=16
numberOutputs=3
evolutions=50
n_max=300
learningRate=5
inputWeights=102.21281580596435,139.70644889476264
weightsRange=-10,10
process_max=25
function=
