keep=0.5654753839327118
threshold=2.8431078146132798
interSpeciesRate=9.934707932802937e-4
noCrossoverOff=0.21916036427206484
probabilityWeightMutated=0.7017927072411919
probabilityAddNodeSmall=0.027582788260164654
probabilityAddLink_small=0.016442163841985477
probabilityAddNodeLarge=0.33225302897229647
probabilityAddLink_Large=0.18643786727115433
largeSize=20
c1=1.083207381667984
c2=1.2566665611790429
c3=0.4653110001017025
numberGenomes=50
numberInputs=8
numberOutputs=2
evolutions=50
n_max=200
learningRate=5
inputWeights=101.42276683131172,167.79188359483197
weightsRange=-20,80
process_max=25
function=cartpole
