keep=0.42033434367614375
threshold=2.3109100786241403
interSpeciesRate=0.0008747452103963146
noCrossoverOff=0.2547159691153245
probabilityWeightMutated=0.78502963410232
probabilityAddNodeSmall=0.03233014178432124
probabilityAddLink_small=0.03869524297313063
probabilityAddNodeLarge=0.19481887523093155
probabilityAddLink_Large=0.08576714861706466
largeSize=20
c1=0.5542598685155183
c2=1.318781534333189
c3=0.3521207156492838
numberGenomes=50
numberInputs=52
numberOutputs=3
evolutions=50
n_max=300
learningRate=5
inputWeights=99.64305651507794,134.13497157927625
weightsRange=-10,10
process_max=25
function=
