keep=0.4734630889898291
threshold=3.3552652655120956
interSpeciesRate=0.0009954415334307524
noCrossoverOff=0.20116678947918742
probabilityWeightMutated=0.7102801351903124
probabilityAddNodeSmall=0.03582813919616337
probabilityAddLink_small=0.016030521907760775
probabilityAddNodeLarge=0.3571586413988118
probabilityAddLink_Large=0.11608633710434177
largeSize=20
c1=1.3918952353589025
c2=1.0227174136589945
c3=0.41469437145841204
numberGenomes=50
numberInputs=52
numberOutputs=3
evolutions=50
n_max=300
learningRate=5
inputWeights=94.92499034954423,153.16912418542591
weightsRange=-10,10
process_max=25
function=
