keep=0.4214864566288333
threshold=3.0617658200369426
interSpeciesRate=0.0008703628498408053
noCrossoverOff=0.16104721232684577
probabilityWeightMutated=0.7428166776729942
probabilityAddNodeSmall=0.03439111789067293
probabilityAddLink_small=0.013855761640336934
probabilityAddNodeLarge=0.0626575167383521
probabilityAddLink_Large=0.1637967151871065
largeSize=20
c1=0.9773279255013966
c2=1.2496785220420878
c3=0.38142883312221904
numberGenomes=50
numberInputs=16
numberOutputs=3
evolutions=50
n_max=300
learningRate=5
inputWeights=94.86093686197323,136.73854503756922
weightsRange=-10,10
process_max=25
function=
