keep=0.49506329155884965
threshold=2.6567858667100293
interSpeciesRate=0.0008219187369996864
noCrossoverOff=0.23507517035466868
probabilityWeightMutated=0.7680544335966684
probabilityAddNodeSmall=0.023089448642858494
probabilityAddLink_small=0.04395000663072708
probabilityAddNodeLarge=0.20820788718555294
probabilityAddLink_Large=0.17480986637001272
largeSize=20
c1=1.3385946316778807
c2=0.7809154057524184
c3=0.3575759880938586
numberGenomes=50
numberInputs=52
numberOutputs=3
evolutions=50
n_max=300
learningRate=5
inputWeights=96.55419418364441,144.67163746304365
weightsRange=-10,10
process_max=25
function=
