keep=0.43240963356068535
threshold=3.5799564269249604
interSpeciesRate=0.0009391714528759747
noCrossoverOff=0.22973620175653728
probabilityWeightMutated=0.8861659701778121
probabilityAddNodeSmall=0.03981072987769608
probabilityAddLink_small=0.027726872264791685
probabilityAddNodeLarge=0.3003731985412998
probabilityAddLink_Large=0.08417560631730675
largeSize=20
c1=1.0995500705748344
c2=1.2422911014506202
c3=0.3821849535417696
numberGenomes=50
numberInputs=16
numberOutputs=3
evolutions=50
n_max=300
learningRate=5
inputWeights=98.42603536733138,169.8212057648225
weightsRange=-10,10
process_max=25
function=
