keep=0.4402099660123423
threshold=3.7118834361727715
interSpeciesRate=0.001200646920002327
noCrossoverOff=0.24390298867888996
probabilityWeightMutated=0.784366915380624
probabilityAddNodeSmall=0.03596630260177088
probabilityAddLink_small=0.020698120535935574
probabilityAddNodeLarge=0.0764263976990971
probabilityAddLink_Large=0.15713733872789482
largeSize=20
c1=0.9969687573931725
c2=0.7852681862411142
c3=0.44172628889425436
numberGenomes=50
numberInputs=120
numberOutputs=2
evolutions=50
n_max=400
learningRate=5
inputWeights=101.8494394502915,131.90943845077362
weightsRange=-10,10
process_max=25
function=
