keep=0.42430400987453565
threshold=3.1231787957020596
interSpeciesRate=0.001154858750295251
noCrossoverOff=0.28745955436573817
probabilityWeightMutated=0.870404509616013
probabilityAddNodeSmall=0.03608136242353796
probabilityAddLink_small=0.04614527939696507
probabilityAddNodeLarge=0.043703699947601045
probabilityAddLink_Large=0.17561865363403434
largeSize=20
c1=0.7496368280527396
c2=1.405255568920736
c3=0.400692088653765
numberGenomes=50
numberInputs=120
numberOutputs=2
evolutions=50
n_max=400
learningRate=5
inputWeights=116.97556131283208,135.55533324672285
weightsRange=-10,10
process_max=25
function=
