keep=0.405341126999632
threshold=3.289513531669719
interSpeciesRate=0.0005667705560550862
noCrossoverOff=0.160964798312933
probabilityWeightMutated=0.8204660055159727
probabilityAddNodeSmall=0.039725739152870226
probabilityAddLink_small=0.012486962579184961
probabilityAddNodeLarge=0.20398918017962392
probabilityAddLink_Large=0.09998826946783601
largeSize=20
c1=0.7718503567596011
c2=0.5048527491598764
c3=0.4868166648967674
numberGenomes=50
numberInputs=52
numberOutputs=3
evolutions=50
n_max=300
learningRate=5
inputWeights=121.2864153362929,134.86527374443952
weightsRange=-10,10
process_max=25
function=
