keep=0.44882424071237526
threshold=3.500221447245134
interSpeciesRate=0.000865334965864632
noCrossoverOff=0.23759388813336485
probabilityWeightMutated=0.831551914364016
probabilityAddNodeSmall=0.02676497919157076
probabilityAddLink_small=0.0345411299174068
probabilityAddNodeLarge=0.21034223480224412
probabilityAddLink_Large=0.13687002298889647
largeSize=20
c1=1.4889603778005178
c2=1.3806761662120473
c3=0.38569594779887106
numberGenomes=50
numberInputs=52
numberOutputs=3
evolutions=50
n_max=300
learningRate=5
inputWeights=110.80349039821907,150.97159142127543
weightsRange=-10,10
process_max=25
function=
