keep=0.4080829769559809
threshold=3.7111598369372354
interSpeciesRate=0.0006031073204415904
noCrossoverOff=0.18323195726612418
probabilityWeightMutated=0.7607314128648897
probabilityAddNodeSmall=0.03193678202837616
probabilityAddLink_small=0.04250932653393163
probabilityAddNodeLarge=0.20014721750304565
probabilityAddLink_Large=0.17345607784176834
largeSize=20
c1=1.0712570198435307
c2=0.8130371399121618
c3=0.4486000196254958
numberGenomes=50
numberInputs=16
numberOutputs=3
evolutions=50
n_max=300
learningRate=5
inputWeights=99.3984780147067,142.2137537070064
weightsRange=-10,10
process_max=10
function=
