keep=0.526451088859891
threshold=2.6144519232043617
interSpeciesRate=0.001171964654670924
noCrossoverOff=0.22989743544891222
probabilityWeightMutated=0.8068418084170871
probabilityAddNodeSmall=0.03523105255124846
probabilityAddLink_small=0.029174444166974678
probabilityAddNodeLarge=0.1318657634538185
probabilityAddLink_Large=0.06774545467110961
largeSize=20
c1=0.6070026379699416
c2=0.8133292491863262
c3=0.3584545742818386
numberGenomes=50
numberInputs=120
numberOutputs=2
evolutions=50
n_max=400
learningRate=5
inputWeights=118.35587078623375,148.84004080062897
weightsRange=-10,10
process_max=25
function=
