keep=0.598721919413995
threshold=3.434234780648267
interSpeciesRate=0.0007311134394068694
noCrossoverOff=0.30621335409576234
probabilityWeightMutated=0.887085013235851
probabilityAddNodeSmall=0.022006773978738178
probabilityAddLink_small=0.04320773600188905
probabilityAddNodeLarge=0.058357090996373526
probabilityAddLink_Large=0.12679377012501358
largeSize=20
c1=1.1699651162785631
c2=1.0414800081324527
c3=0.4536203955873063
numberGenomes=50
numberInputs=16
numberOutputs=3
evolutions=50
n_max=300
learningRate=5
inputWeights=114.54974017833908,163.7134394819091
weightsRange=-10,10
process_max=10
function=
