keep=0.4114826869929626
threshold=3.2276199903407417
interSpeciesRate=0.00115615341346038
noCrossoverOff=0.29320441060660507
probabilityWeightMutated=0.8725303184738115
probabilityAddNodeSmall=0.02714738395615461
probabilityAddLink_small=0.04232065921817269
probabilityAddNodeLarge=0.14700030329620206
probabilityAddLink_Large=0.14478294562786875
largeSize=20
c1=0.7182299383304083
c2=0.9154254165021759
c3=0.48032093726392827
numberGenomes=50
numberInputs=120
numberOutputs=2
evolutions=50
n_max=300
learningRate=5
inputWeights=110.6609525270786,130.47761071200583
weightsRange=-10,10
process_max=25
function=
