keep=0.44817940620659974
threshold=2.884828327739746
interSpeciesRate=0.001045897782650555
noCrossoverOff=0.1544607626498122
probabilityWeightMutated=0.8265954419633481
probabilityAddNodeSmall=0.03232159147985549
probabilityAddLink_small=0.04650467667364834
probabilityAddNodeLarge=0.39545598542761634
probabilityAddLink_Large=0.07026326963220875
largeSize=20
c1=0.834283400403125
c2=0.9660796926401806
c3=0.4156270508051122
numberGenomes=50
numberInputs=52
numberOutputs=3
evolutions=50
n_max=300
learningRate=5
inputWeights=106.2126341986733,166.52932765006193
weightsRange=-10,10
process_max=25
function=
