keep=0.5727191031836617
threshold=3.2841838958308194
interSpeciesRate=0.00132050425376721
noCrossoverOff=0.2733523012207961
probabilityWeightMutated=0.8484007442550008
probabilityAddNodeSmall=0.0368198256085396
probabilityAddLink_small=0.04340343888342198
probabilityAddNodeLarge=0.12374488282011978
probabilityAddLink_Large=0.07719991690563169
largeSize=20
c1=0.5186661209372354
c2=1.489584808072797
c3=0.37337791313294816
numberGenomes=50
numberInputs=16
numberOutputs=3
evolutions=50
n_max=300
learningRate=5
inputWeights=90.1222584782745,151.70998156553208
weightsRange=-10,10
process_max=10
function=
