keep=0.4066025528145604
threshold=3.3547005431283283
interSpeciesRate=0.0009300547695834416
noCrossoverOff=0.32296416564678915
probabilityWeightMutated=0.8704650691732301
probabilityAddNodeSmall=0.036550855843136054
probabilityAddLink_small=0.018650178079809912
probabilityAddNodeLarge=0.13835091636955704
probabilityAddLink_Large=0.19202453901784583
largeSize=20
c1=1.17187604654726
c2=0.5565783832545873
c3=0.44718265523470324
numberGenomes=50
numberInputs=16
numberOutputs=3
evolutions=50
n_max=300
learningRate=5
inputWeights=107.9933785468589,154.60630757821622
weightsRange=-10,10
process_max=10
function=
