keep=0.40134145271765204
threshold=2.8516531056509704
interSpeciesRate=0.0009035400485266951
noCrossoverOff=0.23773418614162287
probabilityWeightMutated=0.7154184600640953
probabilityAddNodeSmall=0.02546033391442673
probabilityAddLink_small=0.03752779588939124
probabilityAddNodeLarge=0.07286836354978078
probabilityAddLink_Large=0.1284780443124327
largeSize=20
c1=1.10218730516004
c2=1.4498868737666852
c3=0.4655160451037017
numberGenomes=6
numberInputs=4
numberOutputs=3
evolutions=3
n_max=100
learningRate=10
inputWeights=70.8599636343932,154.1534023778151
weightsRange=-20,80
process_max=2
function=mountaincar
