keep=0.4573236187948502
threshold=3.9630660222394116
interSpeciesRate=0.001125009910473999
noCrossoverOff=0.3128191064971711
probabilityWeightMutated=0.7880409033192608
probabilityAddNodeSmall=0.026439527491838862
probabilityAddLink_small=0.010807312594893814
probabilityAddNodeLarge=0.1592536532474348
probabilityAddLink_Large=0.17366940517414844
largeSize=20
c1=0.8388139829749235
c2=0.8734969445985973
c3=0.31925081844965597
numberGenomes=50
numberInputs=16
numberOutputs=3
evolutions=50
n_max=300
learningRate=5
inputWeights=123.24667449085987,141.58818514722026
weightsRange=-10,10
process_max=10
function=
