keep=0.4826409331363875
threshold=3.829400540254646
interSpeciesRate=0.0007771839957178019
noCrossoverOff=0.20357433391311808
probabilityWeightMutated=0.7965356227171787
probabilityAddNodeSmall=0.03445403149937211
probabilityAddLink_small=0.04394373782987025
probabilityAddNodeLarge=0.03144393458174703
probabilityAddLink_Large=0.14709074133296998
largeSize=20
c1=0.5861340325536732
c2=1.2320609468763575
c3=0.35931888186143784
numberGenomes=50
numberInputs=16
numberOutputs=3
evolutions=50
n_max=300
learningRate=5
inputWeights=95.38315050561646,140.76491152363863
weightsRange=-10,10
process_max=10
function=
