keep=0.48779874584512484
threshold=3.064432563976781
interSpeciesRate=7.419903357851756e-4
noCrossoverOff=0.150847607528646
probabilityWeightMutated=0.8429188203131148
probabilityAddNodeSmall=0.028715183795321442
probabilityAddLink_small=0.04733410840693933
probabilityAddNodeLarge=0.15460893963651876
probabilityAddLink_Large=0.1571939461584576
largeSize=20
c1=0.8978110751549478
c2=1.4684273719689456
c3=0.3577665223524177
numberGenomes=50
numberInputs=8
numberOutputs=2
evolutions=50
n_max=200
learningRate=5
inputWeights=112.56371248563602,135.02685424171258
weightsRange=-20,80
process_max=25
function=cartpole
