keep=0.447128972019717
threshold=2.419833877039193
interSpeciesRate=0.0008115137200287563
noCrossoverOff=0.17669614569173767
probabilityWeightMutated=0.8595998933057665
probabilityAddNodeSmall=0.03138054441478868
probabilityAddLink_small=0.024038160132071967
probabilityAddNodeLarge=0.02983328436663837
probabilityAddLink_Large=0.11051228699455029
largeSize=20
c1=1.4974386273186684
c2=0.8037679484838186
c3=0.3498512782846025
numberGenomes=50
numberInputs=16
numberOutputs=3
evolutions=50
n_max=300
learningRate=5
inputWeights=106.93686117398033,155.1565963696462
weightsRange=-10,10
process_max=10
function=
