keep=0.9117458690483945
threshold=4.174707403957228
probabilityInterespecies=0.007397306315843751
probabilityNoCrossoverOff=0.7831577680695521
probabilityWeightMutated=0.9007634100704309
probabilityAddNodeSmall=0.03532141819254516
probabilityAddLink_small=0.07373151291174533
probabilityAddNodeLarge=0.07924260097863073
probabilityAddLink_Large=0.8646833018341659
largeSize=76
c1=0.16418875799088406
c2=7.601423935249709
c3=0.18588634143241956
initial_weight=30.0
numberGenomes=2
numberInputs=80
numberOutputs=40
evolutions=3
n_max=200
learningRate=10.0
inputWeights=0.0,150.0
weightsRange=-20.0,80.0
process_max=2
function=cartpole2
