keep=0.5513671572042922
threshold=3.2537863544965635
interSpeciesRate=9.068335854428011e-4
noCrossoverOff=0.160129754783053
probabilityWeightMutated=0.8888248067247185
probabilityAddNodeSmall=0.037034135292783696
probabilityAddLink_small=0.033748484874794524
probabilityAddNodeLarge=0.08477693708694756
probabilityAddLink_Large=0.18084754870779435
largeSize=20
c1=1.4704148302356548
c2=1.3219122562059722
c3=0.31698515146502615
numberGenomes=50
numberInputs=8
numberOutputs=2
evolutions=50
n_max=200
learningRate=5
inputWeights=93.92965672378297,150.3661394321095
weightsRange=-20,80
process_max=25
function=cartpole
