keep=0.568160782634826
threshold=3.0904611443138306
interSpeciesRate=0.000942159664896677
noCrossoverOff=0.3350800213051382
probabilityWeightMutated=0.7165312491521431
probabilityAddNodeSmall=0.03518372348491683
probabilityAddLink_small=0.013459944247962296
probabilityAddNodeLarge=0.37597211686045406
probabilityAddLink_Large=0.1686980792287272
largeSize=20
c1=1.4532226508975028
c2=1.011058348903664
c3=0.3427448326948437
numberGenomes=50
numberInputs=16
numberOutputs=3
evolutions=50
n_max=300
learningRate=5
inputWeights=95.22717432322776,137.19280992858666
weightsRange=-10,10
process_max=10
function=
