keep=0.4242256316867682
threshold=3.7467854769078794
interSpeciesRate=0.0012245966833522998
noCrossoverOff=0.2022195816312153
probabilityWeightMutated=0.7243771086908252
probabilityAddNodeSmall=0.02988477678800263
probabilityAddLink_small=0.03198651882661813
probabilityAddNodeLarge=0.35359862101931927
probabilityAddLink_Large=0.1706394469808596
largeSize=20
c1=1.1743191688359471
c2=0.5961772962772441
c3=0.47269672258345063
numberGenomes=50
numberInputs=120
numberOutputs=2
evolutions=50
n_max=400
learningRate=5
inputWeights=92.91247261830821,145.6943362973774
weightsRange=-10,10
process_max=25
function=
