keep=0.4213151181765783
threshold=3.05843557823124
interSpeciesRate=0.0009074743272144842
noCrossoverOff=0.2139027927036888
probabilityWeightMutated=0.7028543619085429
probabilityAddNodeSmall=0.030504527677220762
probabilityAddLink_small=0.03252797163551032
probabilityAddNodeLarge=0.17947521646691886
probabilityAddLink_Large=0.18378776275433156
largeSize=20
c1=1.058569018270336
c2=1.2302891648801266
c3=0.3125248549234782
numberGenomes=50
numberInputs=120
numberOutputs=2
evolutions=50
n_max=300
learningRate=5
inputWeights=105.16122956637268,136.49855502043582
weightsRange=-10,10
process_max=25
function=
