keep=0.49393357643402847
threshold=2.9341838574739603
interSpeciesRate=0.0011169112353228198
noCrossoverOff=0.3031984452887231
probabilityWeightMutated=0.7333194219572884
probabilityAddNodeSmall=0.03555824513776553
probabilityAddLink_small=0.031092527335429845
probabilityAddNodeLarge=0.2260783821119415
probabilityAddLink_Large=0.08267796692779358
largeSize=20
c1=1.4344034451087224
c2=0.9391488483071984
c3=0.33046836610384744
numberGenomes=50
numberInputs=120
numberOutputs=2
evolutions=50
n_max=300
learningRate=5
inputWeights=106.28975472187538,152.34552776621388
weightsRange=-10,10
process_max=25
function=
