keep=0.4651927341782536
threshold=2.942081295162037
interSpeciesRate=0.0009727317201931849
noCrossoverOff=0.32397933599775947
probabilityWeightMutated=0.8907025566302168
probabilityAddNodeSmall=0.035675381134541995
probabilityAddLink_small=0.02975179294005743
probabilityAddNodeLarge=0.06990941363713864
probabilityAddLink_Large=0.14031203267452225
largeSize=20
c1=1.3780824158300824
c2=1.1509568943514463
c3=0.42604421937661296
numberGenomes=50
numberInputs=4
numberOutputs=3
evolutions=50
n_max=100
learningRate=10
inputWeights=26.114465936338277,206.76881654474735
weightsRange=-20,80
process_max=50
function=mountaincar
