keep=0.5862883215506738
threshold=2.5602196845699083
interSpeciesRate=0.0008385544516951289
noCrossoverOff=0.28332668197188415
probabilityWeightMutated=0.7773136394817836
probabilityAddNodeSmall=0.032718146721555395
probabilityAddLink_small=0.03527515443144937
probabilityAddNodeLarge=0.18219387820933527
probabilityAddLink_Large=0.17054593571762167
largeSize=20
c1=0.9689955377693537
c2=0.800344765213962
c3=0.36420431751095594
numberGenomes=50
numberInputs=16
numberOutputs=3
evolutions=50
n_max=300
learningRate=5
inputWeights=90.07460959597327,140.04839348674594
weightsRange=-10,10
process_max=10
function=
