keep=0.425625336442568
threshold=2.5775632918517726
interSpeciesRate=0.001069367217126403
noCrossoverOff=0.2690041867141909
probabilityWeightMutated=0.7210411664862516
probabilityAddNodeSmall=0.023268764851113836
probabilityAddLink_small=0.032204979260890255
probabilityAddNodeLarge=0.23640207787210893
probabilityAddLink_Large=0.13593905831234082
largeSize=20
c1=1.2592639955924405
c2=0.8998544081776128
c3=0.4258563450884918
numberGenomes=50
numberInputs=16
numberOutputs=3
evolutions=50
n_max=300
learningRate=5
inputWeights=124.47333461662076,138.65918963853622
weightsRange=-10,10
process_max=10
function=
