keep=0.461150695143566
threshold=3.3689585322176585
interSpeciesRate=0.000962560147871074
noCrossoverOff=0.20993574383265545
probabilityWeightMutated=0.8362115093937181
probabilityAddNodeSmall=0.033667144109100655
probabilityAddLink_small=0.04999755632882862
probabilityAddNodeLarge=0.12492370897866568
probabilityAddLink_Large=0.10771315126306856
largeSize=20
c1=1.0812780859889761
c2=0.6484886431657737
c3=0.31036236247650256
numberGenomes=50
numberInputs=52
numberOutputs=3
evolutions=50
n_max=300
learningRate=5
inputWeights=120.95364221417901,137.6132537045201
weightsRange=-10,10
process_max=25
function=
