keep=0.4512857522295342
threshold=3.7890784092257963
interSpeciesRate=0.0007673342014008317
noCrossoverOff=0.2152448279535551
probabilityWeightMutated=0.8498646730586188
probabilityAddNodeSmall=0.028200327542188132
probabilityAddLink_small=0.0411088939975178
probabilityAddNodeLarge=0.2798988193052574
probabilityAddLink_Large=0.19951661515598418
largeSize=20
c1=0.9460703443985133
c2=1.0221805021687405
c3=0.3039178559857158
numberGenomes=50
numberInputs=120
numberOutputs=2
evolutions=50
n_max=400
learningRate=5
inputWeights=116.44610811331155,141.2008349844704
weightsRange=-10,10
process_max=25
function=
