keep=0.4739830939000115
threshold=3.224711323687431
interSpeciesRate=0.000746754992749625
noCrossoverOff=0.33115768781331445
probabilityWeightMutated=0.8403108569347255
probabilityAddNodeSmall=0.030731214168359392
probabilityAddLink_small=0.039868469173907316
probabilityAddNodeLarge=0.3974879593606927
probabilityAddLink_Large=0.15820352631839352
largeSize=20
c1=1.0090559887162307
c2=1.3297446341717598
c3=0.44096531744300094
numberGenomes=50
numberInputs=52
numberOutputs=3
evolutions=50
n_max=300
learningRate=5
inputWeights=121.24953505785501,141.5201352566481
weightsRange=-10,10
process_max=25
function=
