keep=0.5360698857254022
threshold=2.8554650044731917
interSpeciesRate=0.0006466469253890245
noCrossoverOff=0.25959984776649225
probabilityWeightMutated=0.8268698566480539
probabilityAddNodeSmall=0.028633943309072516
probabilityAddLink_small=0.03843668303574466
probabilityAddNodeLarge=0.17414935098436587
probabilityAddLink_Large=0.1223812484598663
largeSize=20
c1=1.460102208098879
c2=1.1674879164231513
c3=0.36475862203593373
numberGenomes=50
numberInputs=52
numberOutputs=3
evolutions=50
n_max=300
learningRate=5
inputWeights=107.65204587195701,134.97462593871975
weightsRange=-10,10
process_max=25
function=
