keep=0.5563218108807481
threshold=3.379755523202258
interSpeciesRate=0.001169947300936566
noCrossoverOff=0.3488081039360259
probabilityWeightMutated=0.7652433237875651
probabilityAddNodeSmall=0.0305141737748082
probabilityAddLink_small=0.036431142177298696
probabilityAddNodeLarge=0.12556750250143872
probabilityAddLink_Large=0.1377488255029949
largeSize=20
c1=1.2334691406707172
c2=1.1467676544249739
c3=0.3872395152302579
numberGenomes=50
numberInputs=52
numberOutputs=3
evolutions=50
n_max=300
learningRate=5
inputWeights=107.15623330429135,154.78003617559114
weightsRange=-10,10
process_max=25
function=
