keep=0.4899584613630546
threshold=2.904113577495041
interSpeciesRate=0.001381028021590866
noCrossoverOff=0.2820951808839133
probabilityWeightMutated=0.7983432174834723
probabilityAddNodeSmall=0.022760209461594082
probabilityAddLink_small=0.03983016754447402
probabilityAddNodeLarge=0.03691486394539365
probabilityAddLink_Large=0.11270761284286478
largeSize=20
c1=0.7843877541337788
c2=1.4196621662177327
c3=0.35583028184297566
numberGenomes=50
numberInputs=4
numberOutputs=3
evolutions=50
n_max=100
learningRate=10
inputWeights=59.08156697022642,191.4849948368982
weightsRange=-20,80
process_max=50
function=mountaincar
