keep=0.4221331142101838
threshold=2.228148842635962
interSpeciesRate=0.0010842133280789263
noCrossoverOff=0.19802893829177753
probabilityWeightMutated=0.8760718728323336
probabilityAddNodeSmall=0.03455960223929486
probabilityAddLink_small=0.04763657822687134
probabilityAddNodeLarge=0.12242359777355441
probabilityAddLink_Large=0.16344449203492814
largeSize=20
c1=0.9076202587819904
c2=1.1623076748516656
c3=0.39559828904275773
numberGenomes=50
numberInputs=120
numberOutputs=2
evolutions=50
n_max=300
learningRate=5
inputWeights=114.0312592911423,149.60798993055428
weightsRange=-10,10
process_max=25
function=
