keep=0.5458484159583299
threshold=2.499945198575176
interSpeciesRate=0.0008462609346331046
noCrossoverOff=0.3202402487698559
probabilityWeightMutated=0.776555395998156
probabilityAddNodeSmall=0.023988573555637906
probabilityAddLink_small=0.049277299474335304
probabilityAddNodeLarge=0.24900440894725573
probabilityAddLink_Large=0.07376045378880414
largeSize=20
c1=0.8978823066022532
c2=0.9445456974768599
c3=0.43339347678101997
numberGenomes=50
numberInputs=52
numberOutputs=3
evolutions=50
n_max=300
learningRate=5
inputWeights=115.84825572534372,145.040527133066
weightsRange=-10,10
process_max=25
function=
