keep=0.4149692357687431
threshold=3.8970056548662093
interSpeciesRate=0.0007757266017847867
noCrossoverOff=0.20812999143261893
probabilityWeightMutated=0.831894878911847
probabilityAddNodeSmall=0.03161464266956874
probabilityAddLink_small=0.047859427588425985
probabilityAddNodeLarge=0.19395805402580907
probabilityAddLink_Large=0.11130812927749664
largeSize=20
c1=0.6850623627490726
c2=0.7174190764829579
c3=0.3156969792331279
numberGenomes=50
numberInputs=4
numberOutputs=3
evolutions=50
n_max=100
learningRate=10
inputWeights=24.14550821894871,154.5278441197115
weightsRange=-20,80
process_max=50
function=mountaincar
