keep=0.44951986750302175
threshold=2.3918398485450734
interSpeciesRate=0.001247250263086275
noCrossoverOff=0.3314465282586354
probabilityWeightMutated=0.8054739122912428
probabilityAddNodeSmall=0.03190730511964097
probabilityAddLink_small=0.03709495065777293
probabilityAddNodeLarge=0.36371716012536764
probabilityAddLink_Large=0.06184631506920341
largeSize=20
c1=0.8778588464091399
c2=0.5868187953278412
c3=0.3364667254703172
numberGenomes=50
numberInputs=52
numberOutputs=3
evolutions=50
n_max=300
learningRate=5
inputWeights=108.34979134813048,164.91640557291794
weightsRange=-10,10
process_max=25
function=
