keep=0.4945818292400153
threshold=3.144184474645708
interSpeciesRate=0.0009601910673765091
noCrossoverOff=0.2418687669625209
probabilityWeightMutated=0.7916956804233839
probabilityAddNodeSmall=0.03587099542822124
probabilityAddLink_small=0.04591959035380788
probabilityAddNodeLarge=0.15962109955963494
probabilityAddLink_Large=0.13464438498711007
largeSize=20
c1=1.2691368606569016
c2=1.2989056529827012
c3=0.4562322457386215
numberGenomes=50
numberInputs=52
numberOutputs=3
evolutions=50
n_max=300
learningRate=5
inputWeights=103.72646935482742,130.90318026661723
weightsRange=-10,10
process_max=25
function=
