keep=0.43711314995439066
threshold=3.031166453563393
interSpeciesRate=0.0007670397631655655
noCrossoverOff=0.29584494971525277
probabilityWeightMutated=0.7572085982137763
probabilityAddNodeSmall=0.022341446890752698
probabilityAddLink_small=0.044198975480501855
probabilityAddNodeLarge=0.24329720242636782
probabilityAddLink_Large=0.10043443928581018
largeSize=20
c1=1.318888867433764
c2=0.571542510910221
c3=0.3731962300542189
numberGenomes=50
numberInputs=52
numberOutputs=3
evolutions=50
n_max=300
learningRate=5
inputWeights=118.01009612280995,157.3809606006788
weightsRange=-10,10
process_max=25
function=
