keep=0.511058214918916
threshold=3.979553591017467
interSpeciesRate=0.000831789096084943
noCrossoverOff=0.15156132069288264
probabilityWeightMutated=0.7885877647238161
probabilityAddNodeSmall=0.039944363870906475
probabilityAddLink_small=0.010387708941935641
probabilityAddNodeLarge=0.03961663402818766
probabilityAddLink_Large=0.1991956665430374
largeSize=20
c1=0.5300249575543119
c2=0.6913825601339244
c3=0.36261753858399975
numberGenomes=50
numberInputs=16
numberOutputs=3
evolutions=50
n_max=300
learningRate=5
inputWeights=118.37572394728724,162.39441214088248
weightsRange=-10,10
process_max=10
function=
