keep=0.5794783097894445
threshold=2.5887477067095404
interSpeciesRate=0.0009669430797672856
noCrossoverOff=0.32461433812821056
probabilityWeightMutated=0.860212192577818
probabilityAddNodeSmall=0.0356103168940519
probabilityAddLink_small=0.01028603080827871
probabilityAddNodeLarge=0.28408044616661693
probabilityAddLink_Large=0.15794484001363024
largeSize=30
c1=0.6528378150571039
c2=1.0786219905128889
c3=0.3614814558109982
numberGenomes=50
numberInputs=12
numberOutputs=3
evolutions=50
n_max=100
learningRate=10
inputWeights=10.133150463006778,126.11448203325276
weightsRange=-20,80
process_max=50
function=acrobot
