keep=0.5112669240836314
threshold=3.7528526854877096
interSpeciesRate=0.0005943849031696
noCrossoverOff=0.21976528488194
probabilityWeightMutated=0.7877707838363937
probabilityAddNodeSmall=0.0217836095320358
probabilityAddLink_small=0.044162238414485
probabilityAddNodeLarge=0.1375100877002033
probabilityAddLink_Large=0.1497625896196003
largeSize=30
c1=1.0212631878634582
c2=1.1557753739378165
c3=0.4996097404636075
numberGenomes=50
numberInputs=12
numberOutputs=3
evolutions=50
n_max=100
learningRate=10
inputWeights=40.227780782738094,96.07171433295252
weightsRange=-20,80
process_max=50
function=acrobot
