keep=0.5865224863928313
threshold=2.96545675508205
interSpeciesRate=0.0011939621356759605
noCrossoverOff=0.3370351990053822
probabilityWeightMutated=0.7976358897780023
probabilityAddNodeSmall=0.0327401482346079
probabilityAddLink_small=0.024918322196364466
probabilityAddNodeLarge=0.17821739737109982
probabilityAddLink_Large=0.08618361486234694
largeSize=20
c1=1.323785212285495
c2=0.785124715551434
c3=0.3177083098143632
numberGenomes=50
numberInputs=16
numberOutputs=3
evolutions=50
n_max=300
learningRate=5
inputWeights=107.49751673836037,165.71262178542113
weightsRange=-10,10
process_max=25
function=
