keep=0.43304650829339375
threshold=2.9576816126784986
interSpeciesRate=0.0006569186610233633
noCrossoverOff=0.20784949306294553
probabilityWeightMutated=0.7996864728411137
probabilityAddNodeSmall=0.030418777914975582
probabilityAddLink_small=0.027600325543898782
probabilityAddNodeLarge=0.16159710314908032
probabilityAddLink_Large=0.11499908073285835
largeSize=20
c1=0.8570201545527536
c2=0.8932867822407116
c3=0.36765327806576775
numberGenomes=50
numberInputs=120
numberOutputs=2
evolutions=50
n_max=300
learningRate=5
inputWeights=108.66691512849842,148.8411505541807
weightsRange=-10,10
process_max=25
function=
