keep=0.4014561942262347
threshold=2.0646190972535083
interSpeciesRate=0.0007643052153365295
noCrossoverOff=0.22839904332852126
probabilityWeightMutated=0.8762297845714851
probabilityAddNodeSmall=0.022208917515420146
probabilityAddLink_small=0.02197155211378016
probabilityAddNodeLarge=0.2502898709529624
probabilityAddLink_Large=0.1757043209320424
largeSize=20
c1=0.5238748202118462
c2=1.263303054038579
c3=0.48867157372260306
numberGenomes=50
numberInputs=120
numberOutputs=2
evolutions=50
n_max=400
learningRate=5
inputWeights=124.75038315251382,145.96074742749323
weightsRange=-10,10
process_max=25
function=
