keep=0.4924660517374484
threshold=2.813877381963811
interSpeciesRate=0.0008384450959282468
noCrossoverOff=0.2317620178226809
probabilityWeightMutated=0.7495361779538918
probabilityAddNodeSmall=0.023076868210429605
probabilityAddLink_small=0.029252163572498314
probabilityAddNodeLarge=0.3325057662926341
probabilityAddLink_Large=0.0889684302086999
largeSize=20
c1=1.1243384548750033
c2=1.35974477128888
c3=0.4829321431366042
numberGenomes=50
numberInputs=52
numberOutputs=3
evolutions=50
n_max=300
learningRate=5
inputWeights=112.34229719926427,152.0179311062319
weightsRange=-10,10
process_max=25
function=
