keep=0.41245531256347767
threshold=2.266886700940761
interSpeciesRate=0.0013127956262999085
noCrossoverOff=0.23221446578426092
probabilityWeightMutated=0.776161068879806
probabilityAddNodeSmall=0.020384364213287327
probabilityAddLink_small=0.033048453841254224
probabilityAddNodeLarge=0.39368263916204604
probabilityAddLink_Large=0.1994723621265881
largeSize=20
c1=0.8537104996542614
c2=0.6856279694429286
c3=0.30774100430780293
numberGenomes=50
numberInputs=120
numberOutputs=2
evolutions=50
n_max=400
learningRate=5
inputWeights=122.76099678069389,133.61847290457433
weightsRange=-10,10
process_max=25
function=
