keep=0.520473484484882
threshold=2.3416594905879515
interSpeciesRate=0.0005713421227080879
noCrossoverOff=0.32257834498746557
probabilityWeightMutated=0.7019349901136706
probabilityAddNodeSmall=0.0343097519306889
probabilityAddLink_small=0.015373333341789839
probabilityAddNodeLarge=0.2896132664337178
probabilityAddLink_Large=0.1985038356578191
largeSize=20
c1=1.2538124939020154
c2=0.7212677855363103
c3=0.371675805322106
numberGenomes=50
numberInputs=52
numberOutputs=3
evolutions=50
n_max=300
learningRate=5
inputWeights=112.01210372809103,153.87087259006603
weightsRange=-10,10
process_max=25
function=
