keep=0.5604069261050431
threshold=2.963444981173208
interSpeciesRate=0.0013601676218977707
noCrossoverOff=0.22502763234378234
probabilityWeightMutated=0.7765943632705999
probabilityAddNodeSmall=0.028436150907594278
probabilityAddLink_small=0.03849397774330931
probabilityAddNodeLarge=0.3238311131883209
probabilityAddLink_Large=0.08683548198601523
largeSize=20
c1=0.5158570651812681
c2=1.2826765146812331
c3=0.4156494374326633
numberGenomes=50
numberInputs=120
numberOutputs=2
evolutions=50
n_max=400
learningRate=5
inputWeights=112.4186668001946,148.87756900352142
weightsRange=-10,10
process_max=25
function=
