keep=0.5617909176802347
threshold=2.2707130843172774
interSpeciesRate=0.0011463202978196849
noCrossoverOff=0.34931508321627247
probabilityWeightMutated=0.8973725634128377
probabilityAddNodeSmall=0.020508607895287082
probabilityAddLink_small=0.046977673570043434
probabilityAddNodeLarge=0.134742254366647
probabilityAddLink_Large=0.15553837201398613
largeSize=20
c1=0.5438926651750758
c2=0.7156911565649056
c3=0.32602744686273333
numberGenomes=50
numberInputs=8
numberOutputs=2
evolutions=50
n_max=200
learningRate=5
inputWeights=108.97131765280434,158.6091638062549
weightsRange=-20,80
process_max=25
function=cartpole
