keep=0.5627206345057632
threshold=3.8552435995396475
interSpeciesRate=0.0011685834735423774
noCrossoverOff=0.2946392542121106
probabilityWeightMutated=0.7398863746995513
probabilityAddNodeSmall=0.025727851208572572
probabilityAddLink_small=0.03097432104626518
probabilityAddNodeLarge=0.16791286226576224
probabilityAddLink_Large=0.18762553675189264
largeSize=20
c1=0.928490638231374
c2=1.276071366011923
c3=0.3803519683024186
numberGenomes=50
numberInputs=16
numberOutputs=3
evolutions=50
n_max=300
learningRate=5
inputWeights=122.3768474266666,163.53897808660523
weightsRange=-10,10
process_max=10
function=
