keep=0.5136753583811358
threshold=3.348118429714651
interSpeciesRate=0.001301584825955
noCrossoverOff=0.3433745490480547
probabilityWeightMutated=0.8593064323717704
probabilityAddNodeSmall=0.0227873284387492
probabilityAddLink_small=0.0376432894493735
probabilityAddNodeLarge=0.1546083393329954
probabilityAddLink_Large=0.0671291416563383
largeSize=30
c1=1.200575688307986
c2=0.5005091732716329
c3=0.4929665754384274
numberGenomes=50
numberInputs=12
numberOutputs=3
evolutions=50
n_max=100
learningRate=10
inputWeights=42.33319013057379,106.80818810155871
weightsRange=-20,80
process_max=50
function=acrobot
