keep=0.42078463577288416
threshold=2.6863266672338986
interSpeciesRate=0.001229136713271532
noCrossoverOff=0.34932352024534374
probabilityWeightMutated=0.731109082890689
probabilityAddNodeSmall=0.025103528206370934
probabilityAddLink_small=0.029575064673135486
probabilityAddNodeLarge=0.03356880429243997
probabilityAddLink_Large=0.14710651545873216
largeSize=30
c1=1.186810370965527
c2=0.7277248587805203
c3=0.3883954489094087
numberGenomes=50
numberInputs=12
numberOutputs=3
evolutions=50
n_max=100
learningRate=10
inputWeights=32.5459097549437,222.8573802714698
weightsRange=-20,80
process_max=50
function=acrobot
