keep=0.43629521650167263
threshold=2.6988531138466594
interSpeciesRate=0.0014786575985813659
noCrossoverOff=0.21426602783057594
probabilityWeightMutated=0.7881519330138183
probabilityAddNodeSmall=0.02327750614083409
probabilityAddLink_small=0.0385270180487229
probabilityAddNodeLarge=0.3058494395239938
probabilityAddLink_Large=0.1797009766212075
largeSize=20
c1=1.406431743553722
c2=0.8921203121991893
c3=0.30008498150013896
numberGenomes=50
numberInputs=52
numberOutputs=3
evolutions=50
n_max=300
learningRate=5
inputWeights=97.48924726833651,139.35210660505103
weightsRange=-10,10
process_max=25
function=
