keep=0.42846130184008757
threshold=3.3544728147892506
interSpeciesRate=0.0007088681889840223
noCrossoverOff=0.29204466348002633
probabilityWeightMutated=0.7063509255132929
probabilityAddNodeSmall=0.03584947733434394
probabilityAddLink_small=0.025331223843570245
probabilityAddNodeLarge=0.3273552059223857
probabilityAddLink_Large=0.10282652489574623
largeSize=20
c1=1.168187802275328
c2=1.2692320137223942
c3=0.43444851596974476
numberGenomes=50
numberInputs=52
numberOutputs=3
evolutions=50
n_max=300
learningRate=5
inputWeights=129.55269465870728,131.3669957185747
weightsRange=-10,10
process_max=25
function=
