keep=0.5238116854022147
threshold=2.745995545885333
interSpeciesRate=0.0011287641092541986
noCrossoverOff=0.2555542791700801
probabilityWeightMutated=0.7866420716091038
probabilityAddNodeSmall=0.02220658105316629
probabilityAddLink_small=0.020801154855408597
probabilityAddNodeLarge=0.2784522647212554
probabilityAddLink_Large=0.18162618532978692
largeSize=20
c1=1.187207376794305
c2=1.3752131894293518
c3=0.38765869845920037
numberGenomes=50
numberInputs=52
numberOutputs=3
evolutions=50
n_max=300
learningRate=5
inputWeights=119.93814870926163,152.6102688174844
weightsRange=-10,10
process_max=25
function=
