keep=0.4497826925571611
threshold=2.9279612095577865
interSpeciesRate=0.0007548384161628465
noCrossoverOff=0.33130100296793497
probabilityWeightMutated=0.7505297398267089
probabilityAddNodeSmall=0.02634769515640111
probabilityAddLink_small=0.03198108449024998
probabilityAddNodeLarge=0.37276226376587773
probabilityAddLink_Large=0.1334343765226746
largeSize=20
c1=1.1402580973917436
c2=0.8019299047534597
c3=0.352620858355313
numberGenomes=50
numberInputs=16
numberOutputs=3
evolutions=50
n_max=300
learningRate=5
inputWeights=93.5268043627442,155.3751417274834
weightsRange=-10,10
process_max=25
function=
