keep=0.40080865603827376
threshold=3.6058607746989026
interSpeciesRate=0.0009639502771323035
noCrossoverOff=0.3313237352615304
probabilityWeightMutated=0.8255922662592663
probabilityAddNodeSmall=0.023694285656933906
probabilityAddLink_small=0.018938769474037283
probabilityAddNodeLarge=0.33913318902230677
probabilityAddLink_Large=0.06630816603909509
largeSize=20
c1=1.3208752189950053
c2=0.831489474172415
c3=0.439003323142828
numberGenomes=50
numberInputs=52
numberOutputs=3
evolutions=50
n_max=300
learningRate=5
inputWeights=119.67400264176253,159.2504106736076
weightsRange=-10,10
process_max=25
function=
