keep=0.426846490230756
threshold=3.9143005855653716
interSpeciesRate=0.0011219960986343285
noCrossoverOff=0.2767330548666745
probabilityWeightMutated=0.8956173680425815
probabilityAddNodeSmall=0.025735554191724495
probabilityAddLink_small=0.014302715652904755
probabilityAddNodeLarge=0.1989065212310561
probabilityAddLink_Large=0.13291063966600275
largeSize=20
c1=0.9866896887542433
c2=1.1864785516960308
c3=0.39206939940813956
numberGenomes=50
numberInputs=52
numberOutputs=3
evolutions=50
n_max=300
learningRate=5
inputWeights=91.1979981830506,156.44600506892303
weightsRange=-10,10
process_max=25
function=
