keep=0.4299987373544361
threshold=2.7120777667097213
interSpeciesRate=0.0010502075066036855
noCrossoverOff=0.32876906180740434
probabilityWeightMutated=0.8376065647638007
probabilityAddNodeSmall=0.029855327291177434
probabilityAddLink_small=0.03303899736833217
probabilityAddNodeLarge=0.02196645765622754
probabilityAddLink_Large=0.14782416738778
largeSize=30
c1=1.256363840166984
c2=1.036850201624226
c3=0.3629688771690557
numberGenomes=50
numberInputs=12
numberOutputs=3
evolutions=50
n_max=100
learningRate=10
inputWeights=13.972780499524731,129.30229915350426
weightsRange=-20,80
process_max=50
function=acrobot
