keep=0.5324705688365408
threshold=2.1498512992414724
interSpeciesRate=0.0014870670825129
noCrossoverOff=0.2707369289391641
probabilityWeightMutated=0.8300740311404646
probabilityAddNodeSmall=0.0230060845942792
probabilityAddLink_small=0.0396716428194496
probabilityAddNodeLarge=0.0748373609530074
probabilityAddLink_Large=0.0978302527378335
largeSize=30
c1=0.849392438257427
c2=0.8742630259573189
c3=0.4720481248347686
numberGenomes=50
numberInputs=12
numberOutputs=3
evolutions=50
n_max=100
learningRate=10
inputWeights=15.279402194050952,139.81091312268842
weightsRange=-20,80
process_max=50
function=acrobot
