keep=0.5504174253437667
threshold=3.7762130094194886
interSpeciesRate=0.0011139803937519975
noCrossoverOff=0.2692543409896937
probabilityWeightMutated=0.895653945103546
probabilityAddNodeSmall=0.03178416570756349
probabilityAddLink_small=0.04939015169477326
probabilityAddNodeLarge=0.23003199790616258
probabilityAddLink_Large=0.1589502846448985
largeSize=20
c1=1.2773236593895316
c2=1.4607437960207943
c3=0.3648281450359247
numberGenomes=50
numberInputs=120
numberOutputs=2
evolutions=50
n_max=400
learningRate=5
inputWeights=120.7780802599622,168.5396636366421
weightsRange=-10,10
process_max=25
function=
