keep=0.5245847070310563
threshold=2.762680329869033
interSpeciesRate=0.000908382066158881
noCrossoverOff=0.33695695217234617
probabilityWeightMutated=0.8135329153675829
probabilityAddNodeSmall=0.022621192283113975
probabilityAddLink_small=0.0230782039087808
probabilityAddNodeLarge=0.05571543425128487
probabilityAddLink_Large=0.09310316813347076
largeSize=20
c1=1.1835169745626573
c2=0.7323584262519091
c3=0.3003989605323319
numberGenomes=50
numberInputs=16
numberOutputs=3
evolutions=50
n_max=300
learningRate=5
inputWeights=97.39638507232253,134.89391423720963
weightsRange=-10,10
process_max=10
function=
