keep=0.4260080774770896
threshold=3.7896170305600405
interSpeciesRate=0.00131831016792514
noCrossoverOff=0.2837155326870333
probabilityWeightMutated=0.8940428470853634
probabilityAddNodeSmall=0.029730198628036993
probabilityAddLink_small=0.04995737215027533
probabilityAddNodeLarge=0.07619918817254848
probabilityAddLink_Large=0.07263120587912483
largeSize=20
c1=0.8972959871758214
c2=0.9651220009807664
c3=0.4137163811435946
numberGenomes=50
numberInputs=52
numberOutputs=3
evolutions=50
n_max=300
learningRate=5
inputWeights=120.86743978457574,154.7776345153569
weightsRange=-10,10
process_max=25
function=
