keep=0.42706086638407365
threshold=3.7763074107483705
interSpeciesRate=0.0012979566966483153
noCrossoverOff=0.2626895825420032
probabilityWeightMutated=0.7774015368534323
probabilityAddNodeSmall=0.03221471396206688
probabilityAddLink_small=0.03031818204138741
probabilityAddNodeLarge=0.3352502559490088
probabilityAddLink_Large=0.11684925593994158
largeSize=20
c1=0.7702126021231535
c2=0.8612431368321107
c3=0.41995021098776975
numberGenomes=50
numberInputs=8
numberOutputs=2
evolutions=50
n_max=200
learningRate=5
inputWeights=127.18478855719373,157.87889490747736
weightsRange=-20,80
process_max=25
function=cartpole
