keep=0.5895828249278016
threshold=3.168613498449762
interSpeciesRate=0.0012629649868290986
noCrossoverOff=0.23347572115890314
probabilityWeightMutated=0.756564395691445
probabilityAddNodeSmall=0.03122427971715219
probabilityAddLink_small=0.026938475606544037
probabilityAddNodeLarge=0.20961923561908358
probabilityAddLink_Large=0.1364072619498427
largeSize=20
c1=0.6119796638099023
c2=1.0602006401851045
c3=0.39367107858751654
numberGenomes=50
numberInputs=4
numberOutputs=3
evolutions=50
n_max=100
learningRate=10
inputWeights=1.2548583234351707,139.62542779935308
weightsRange=-20,80
process_max=50
function=mountaincar
