keep=0.47950097015241006
threshold=3.8608647554892146
interSpeciesRate=0.0009808371616858106
noCrossoverOff=0.30926403468384955
probabilityWeightMutated=0.8107721712851201
probabilityAddNodeSmall=0.02194004905032651
probabilityAddLink_small=0.048557335299464634
probabilityAddNodeLarge=0.31116031472126054
probabilityAddLink_Large=0.07319084567427024
largeSize=20
c1=0.9151160612295326
c2=0.5518780198140149
c3=0.4894964090083405
numberGenomes=6
numberInputs=120
numberOutputs=2
evolutions=3
n_max=400
learningRate=5
inputWeights=113.6364078448744,134.06536006086864
weightsRange=-10,10
process_max=2
function=
