keep=0.5313941325094367
threshold=3.4877750481817777
interSpeciesRate=0.001204894040239815
noCrossoverOff=0.21894987016246967
probabilityWeightMutated=0.8695853821769637
probabilityAddNodeSmall=0.03403094595784298
probabilityAddLink_small=0.0288843727829733
probabilityAddNodeLarge=0.1277846600224165
probabilityAddLink_Large=0.06515418615887182
largeSize=20
c1=1.309129648833597
c2=0.7541611657761075
c3=0.3842923164057574
numberGenomes=50
numberInputs=4
numberOutputs=3
evolutions=50
n_max=100
learningRate=10
inputWeights=49.39762721378896,182.53924387069503
weightsRange=-20,80
process_max=50
function=mountaincar
