keep=0.4077356738620689
threshold=3.4391908203662296
interSpeciesRate=0.0005865333429807468
noCrossoverOff=0.28885945873570945
probabilityWeightMutated=0.8798004162229929
probabilityAddNodeSmall=0.037159824527009604
probabilityAddLink_small=0.026653207612832748
probabilityAddNodeLarge=0.3127332535417273
probabilityAddLink_Large=0.18973733130655684
largeSize=20
c1=0.7966920983088472
c2=1.2392384940126904
c3=0.3817449007496503
numberGenomes=50
numberInputs=52
numberOutputs=3
evolutions=50
n_max=300
learningRate=5
inputWeights=98.20369431789582,142.18006323368004
weightsRange=-10,10
process_max=25
function=
