keep=0.423129796633493
threshold=2.5678691144771766
interSpeciesRate=0.0014464198873232884
noCrossoverOff=0.25516380921541176
probabilityWeightMutated=0.8691354360502181
probabilityAddNodeSmall=0.03113348007534237
probabilityAddLink_small=0.012453075702621075
probabilityAddNodeLarge=0.2625099372749922
probabilityAddLink_Large=0.07423316528162044
largeSize=20
c1=0.6441722925871277
c2=0.8764333961755362
c3=0.4620122347376389
numberGenomes=50
numberInputs=120
numberOutputs=2
evolutions=50
n_max=400
learningRate=5
inputWeights=95.12005908677119,146.02759480874428
weightsRange=-10,10
process_max=25
function=
