keep=0.5229467801612881
threshold=2.8737742221251867
interSpeciesRate=0.000821272421618627
noCrossoverOff=0.16986603977112125
probabilityWeightMutated=0.7954441657878224
probabilityAddNodeSmall=0.026837589616382954
probabilityAddLink_small=0.02345272087641172
probabilityAddNodeLarge=0.02884484901067709
probabilityAddLink_Large=0.1467869710621934
largeSize=20
c1=1.452850667053584
c2=1.4705687453197929
c3=0.49946541280721546
numberGenomes=50
numberInputs=16
numberOutputs=3
evolutions=50
n_max=300
learningRate=5
inputWeights=104.06938203743903,153.56371350824867
weightsRange=-10,10
process_max=10
function=
