keep=0.4089636980067645
threshold=3.082776695501906
interSpeciesRate=0.0005019294979809843
noCrossoverOff=0.3473553209143503
probabilityWeightMutated=0.788278735736381
probabilityAddNodeSmall=0.030273160476638764
probabilityAddLink_small=0.028818384441593178
probabilityAddNodeLarge=0.022062321041331767
probabilityAddLink_Large=0.15198055837071467
largeSize=30
c1=0.691782697608116
c2=1.405342759394624
c3=0.4800529953623719
numberGenomes=50
numberInputs=12
numberOutputs=3
evolutions=50
n_max=100
learningRate=10
inputWeights=56.92986084839028,210.08083631534626
weightsRange=-20,80
process_max=50
function=acrobot
