keep=0.464863392165844
threshold=2.455080598902536
interSpeciesRate=0.0007133814912444
noCrossoverOff=0.1906597543927363
probabilityWeightMutated=0.7561990457683427
probabilityAddNodeSmall=0.0374112577550424
probabilityAddLink_small=0.0333760432506839
probabilityAddNodeLarge=0.0585234552199974
probabilityAddLink_Large=0.0897874731269667
largeSize=30
c1=1.3239747406893876
c2=0.7896002151046273
c3=0.3175925084821322
numberGenomes=50
numberInputs=12
numberOutputs=3
evolutions=50
n_max=100
learningRate=10
inputWeights=6.891486004783968,129.29112695431337
weightsRange=-20,80
process_max=50
function=acrobot
