keep=0.41814976503532697
threshold=3.7767754055271787
interSpeciesRate=0.001085605140985889
noCrossoverOff=0.15396958406937614
probabilityWeightMutated=0.8390492906772384
probabilityAddNodeSmall=0.036260088844896815
probabilityAddLink_small=0.026030551674754557
probabilityAddNodeLarge=0.2987735044027068
probabilityAddLink_Large=0.16222515686457228
largeSize=20
c1=0.9414681520430958
c2=1.2429033232973123
c3=0.36176760455106166
numberGenomes=50
numberInputs=52
numberOutputs=3
evolutions=50
n_max=300
learningRate=5
inputWeights=99.41561601313903,145.96759993981345
weightsRange=-10,10
process_max=25
function=
