keep=0.4920423619675673
threshold=3.315392658470786
interSpeciesRate=0.0011614822105771312
noCrossoverOff=0.2889954816186312
probabilityWeightMutated=0.7907549341133016
probabilityAddNodeSmall=0.024524796123079166
probabilityAddLink_small=0.012308881973390626
probabilityAddNodeLarge=0.13631675796984208
probabilityAddLink_Large=0.11921872944360336
largeSize=20
c1=1.2217626992937625
c2=0.5503023327244053
c3=0.46955013819594155
numberGenomes=50
numberInputs=120
numberOutputs=2
evolutions=50
n_max=400
learningRate=5
inputWeights=111.25677344911138,147.6357862549213
weightsRange=-10,10
process_max=25
function=
