keep=0.43571152951627395
threshold=3.5060235818369225
interSpeciesRate=0.000956155868115464
noCrossoverOff=0.2248886407380805
probabilityWeightMutated=0.8427936261035694
probabilityAddNodeSmall=0.035893902769851334
probabilityAddLink_small=0.04831340273225902
probabilityAddNodeLarge=0.023335980062927558
probabilityAddLink_Large=0.060662110717577954
largeSize=20
c1=1.1391384763618984
c2=1.3625839467957679
c3=0.38637648834017047
numberGenomes=50
numberInputs=120
numberOutputs=2
evolutions=50
n_max=300
learningRate=5
inputWeights=95.0116476298615,148.74272287338343
weightsRange=-10,10
process_max=25
function=
