keep=0.46847255767304397
threshold=2.3871598035083936
interSpeciesRate=0.0010066701626040356
noCrossoverOff=0.177564221016729
probabilityWeightMutated=0.8279143653516462
probabilityAddNodeSmall=0.03053452606451261
probabilityAddLink_small=0.016286446878127636
probabilityAddNodeLarge=0.22123117879780643
probabilityAddLink_Large=0.10173981069643317
largeSize=30
c1=0.9937250946831163
c2=0.977201590728148
c3=0.32425721579420724
numberGenomes=50
numberInputs=12
numberOutputs=3
evolutions=50
n_max=100
learningRate=10
inputWeights=33.171151438323314,75.24432381599894
weightsRange=-20,80
process_max=50
function=acrobot
