keep=0.44391301963702
threshold=3.268022579270729
interSpeciesRate=0.0009438649929033
noCrossoverOff=0.2981838314247155
probabilityWeightMutated=0.7628003847485744
probabilityAddNodeSmall=0.03637340517422
probabilityAddLink_small=0.039303686961326
probabilityAddNodeLarge=0.3425381123314705
probabilityAddLink_Large=0.0831597577585101
largeSize=30
c1=1.042817085949264
c2=1.4971436782799004
c3=0.3345610672655844
numberGenomes=50
numberInputs=12
numberOutputs=3
evolutions=50
n_max=100
learningRate=10
inputWeights=13.792910989304731,86.18007792317167
weightsRange=-20,80
process_max=50
function=acrobot
