keep=0.48832638163431635
threshold=3.36360788922389
interSpeciesRate=0.000601359353138608
noCrossoverOff=0.28059091364127997
probabilityWeightMutated=0.791872813932337
probabilityAddNodeSmall=0.02137360741528102
probabilityAddLink_small=0.026554876614091026
probabilityAddNodeLarge=0.24921688814086912
probabilityAddLink_Large=0.18371738254383174
largeSize=20
c1=0.8814862671706054
c2=1.2757466675422207
c3=0.31117341918449337
numberGenomes=50
numberInputs=16
numberOutputs=3
evolutions=50
n_max=300
learningRate=5
inputWeights=124.6176722311709,152.45825522875182
weightsRange=-10,10
process_max=10
function=
