keep=0.4044450661516159
threshold=3.856738243345662
interSpeciesRate=0.0011717809246145534
noCrossoverOff=0.28120212420105345
probabilityWeightMutated=0.7330359731823697
probabilityAddNodeSmall=0.03193551901667634
probabilityAddLink_small=0.02220705276942892
probabilityAddNodeLarge=0.27173250694108453
probabilityAddLink_Large=0.1408291502600992
largeSize=20
c1=1.1114216705930962
c2=0.5027764085779735
c3=0.43447606405330513
numberGenomes=50
numberInputs=16
numberOutputs=3
evolutions=50
n_max=300
learningRate=5
inputWeights=100.51341160425254,143.8911760040437
weightsRange=-10,10
process_max=25
function=
