keep=0.5279061041281926
threshold=3.450790060239031
interSpeciesRate=0.0011509783736036111
noCrossoverOff=0.16045712328405118
probabilityWeightMutated=0.7085647275730153
probabilityAddNodeSmall=0.03218222708591341
probabilityAddLink_small=0.012758248159134875
probabilityAddNodeLarge=0.08516840539410588
probabilityAddLink_Large=0.18530154594594517
largeSize=20
c1=0.7453452398847012
c2=0.8475405323833373
c3=0.40686840762370413
numberGenomes=50
numberInputs=16
numberOutputs=3
evolutions=50
n_max=300
learningRate=5
inputWeights=119.81864794574923,155.0223917216755
weightsRange=-10,10
process_max=10
function=
