keep=0.47422357480167227
threshold=2.700079675259858
interSpeciesRate=0.0012245952333627683
noCrossoverOff=0.3059873053402793
probabilityWeightMutated=0.883460060691674
probabilityAddNodeSmall=0.022110179561097204
probabilityAddLink_small=0.029881312636811635
probabilityAddNodeLarge=0.2665747843685639
probabilityAddLink_Large=0.0752067426136991
largeSize=20
c1=1.0024274005331764
c2=0.7361671375548294
c3=0.3729224156588446
numberGenomes=50
numberInputs=52
numberOutputs=3
evolutions=50
n_max=300
learningRate=5
inputWeights=102.59409596061718,135.94413472194262
weightsRange=-10,10
process_max=25
function=
