keep=0.41854706721546386
threshold=2.3381979014123218
interSpeciesRate=0.0013532310160384994
noCrossoverOff=0.3071063621134841
probabilityWeightMutated=0.7610077302912253
probabilityAddNodeSmall=0.025347948271078554
probabilityAddLink_small=0.02544758253668021
probabilityAddNodeLarge=0.027443786850506257
probabilityAddLink_Large=0.14003764435736593
largeSize=20
c1=1.0449853007919965
c2=1.474714711394419
c3=0.4158810925770375
numberGenomes=50
numberInputs=120
numberOutputs=2
evolutions=50
n_max=400
learningRate=5
inputWeights=105.19523677975377,133.42492772700396
weightsRange=-10,10
process_max=25
function=
