keep=0.4784790900685704
threshold=3.013385116268628
interSpeciesRate=0.001102580653399965
noCrossoverOff=0.23842963034955203
probabilityWeightMutated=0.8548752145720637
probabilityAddNodeSmall=0.03114269593263829
probabilityAddLink_small=0.022740286563169364
probabilityAddNodeLarge=0.371503554414595
probabilityAddLink_Large=0.05145725273059287
largeSize=20
c1=1.0389197753672679
c2=0.9254138756521523
c3=0.33004790920786437
numberGenomes=50
numberInputs=120
numberOutputs=2
evolutions=50
n_max=400
learningRate=5
inputWeights=100.04818178845318,141.76665084080346
weightsRange=-10,10
process_max=25
function=
