keep=0.4222932925328381
threshold=3.806594109641268
interSpeciesRate=0.001262685463548187
noCrossoverOff=0.3074373181343788
probabilityWeightMutated=0.8288876055732518
probabilityAddNodeSmall=0.02191129758256201
probabilityAddLink_small=0.0360495297097227
probabilityAddNodeLarge=0.12567227389781438
probabilityAddLink_Large=0.17591895288417003
largeSize=20
c1=1.3871511459560644
c2=1.1131986365963604
c3=0.33007636251911304
numberGenomes=50
numberInputs=52
numberOutputs=3
evolutions=50
n_max=300
learningRate=5
inputWeights=103.67714314131462,138.98937533737586
weightsRange=-10,10
process_max=25
function=
