keep=0.4527715034433405
threshold=2.7002186516300237
interSpeciesRate=0.001078139512325109
noCrossoverOff=0.26334986249028297
probabilityWeightMutated=0.8787079435714832
probabilityAddNodeSmall=0.03301226949261433
probabilityAddLink_small=0.014198588144442869
probabilityAddNodeLarge=0.11622815489177758
probabilityAddLink_Large=0.11786332410340766
largeSize=20
c1=0.84642588361315
c2=0.7114055900729127
c3=0.40872944199416833
numberGenomes=50
numberInputs=16
numberOutputs=3
evolutions=50
n_max=300
learningRate=5
inputWeights=107.42244420887972,160.3930066318721
weightsRange=-10,10
process_max=25
function=
