keep=0.46326268972499707
threshold=3.413878187670835
interSpeciesRate=0.0012879415612371654
noCrossoverOff=0.2549337894511658
probabilityWeightMutated=0.8879801687673848
probabilityAddNodeSmall=0.030583695329498214
probabilityAddLink_small=0.03704066941362409
probabilityAddNodeLarge=0.33740718750702714
probabilityAddLink_Large=0.18918412011935648
largeSize=20
c1=1.120666168789555
c2=1.196323271767682
c3=0.44303101242379456
numberGenomes=50
numberInputs=120
numberOutputs=2
evolutions=50
n_max=400
learningRate=5
inputWeights=125.59134487452135,150.85142638858613
weightsRange=-10,10
process_max=25
function=
