keep=0.40098189728484535
threshold=3.1654665165208367
interSpeciesRate=0.0008559606187856146
noCrossoverOff=0.2863024539462544
probabilityWeightMutated=0.8933239304267845
probabilityAddNodeSmall=0.020831016048976535
probabilityAddLink_small=0.011211874878888587
probabilityAddNodeLarge=0.17076319569106163
probabilityAddLink_Large=0.16685329802770316
largeSize=20
c1=1.1169597384787808
c2=1.143055710804886
c3=0.49516615596765984
numberGenomes=50
numberInputs=16
numberOutputs=3
evolutions=50
n_max=300
learningRate=5
inputWeights=90.41230589464881,169.10944993663028
weightsRange=-10,10
process_max=10
function=
