keep=0.5825734552812556
threshold=3.5578231925991823
interSpeciesRate=0.001028380841598985
noCrossoverOff=0.2615777769339918
probabilityWeightMutated=0.720827254230047
probabilityAddNodeSmall=0.03190702531725884
probabilityAddLink_small=0.039014074814963204
probabilityAddNodeLarge=0.2874531169553778
probabilityAddLink_Large=0.1469324264780201
largeSize=20
c1=0.786416649584794
c2=0.6988327212169914
c3=0.3613246559758157
numberGenomes=50
numberInputs=120
numberOutputs=2
evolutions=50
n_max=400
learningRate=5
inputWeights=114.42326491060442,141.50943547933355
weightsRange=-10,10
process_max=25
function=
