keep=0.5753109204921844
threshold=3.771714071362048
interSpeciesRate=0.0006869344811772196
noCrossoverOff=0.22704335545598037
probabilityWeightMutated=0.8731724252836034
probabilityAddNodeSmall=0.02287892977186608
probabilityAddLink_small=0.02734224312712294
probabilityAddNodeLarge=0.350311322311878
probabilityAddLink_Large=0.15364184786151175
largeSize=20
c1=0.7041077443012718
c2=0.9272896806051375
c3=0.372012518587658
numberGenomes=50
numberInputs=120
numberOutputs=2
evolutions=50
n_max=400
learningRate=5
inputWeights=92.76147381160483,160.97473525889947
weightsRange=-10,10
process_max=25
function=
