keep=0.4597006033557789
threshold=3.003578651727345
interSpeciesRate=0.0014273725893957
noCrossoverOff=0.2589108697060943
probabilityWeightMutated=0.8051031988242071
probabilityAddNodeSmall=0.0352610042482524
probabilityAddLink_small=0.0302053399650202
probabilityAddNodeLarge=0.3908307646300346
probabilityAddLink_Large=0.1374969686807437
largeSize=30
c1=1.2253283304516
c2=1.3454032976539896
c3=0.4506149342245289
numberGenomes=50
numberInputs=12
numberOutputs=3
evolutions=50
n_max=100
learningRate=10
inputWeights=2.5509149765967223,131.17369115325755
weightsRange=-20,80
process_max=50
function=acrobot
