keep=0.42440879743074633
threshold=3.2920730288624442
interSpeciesRate=0.000945769974590819
noCrossoverOff=0.17272540268663428
probabilityWeightMutated=0.824149566428749
probabilityAddNodeSmall=0.03147484297154692
probabilityAddLink_small=0.04372751997383024
probabilityAddNodeLarge=0.07547328341540921
probabilityAddLink_Large=0.14968347027594536
largeSize=30
c1=1.0850072019818786
c2=0.8696587372619604
c3=0.4435726957224704
numberGenomes=50
numberInputs=12
numberOutputs=3
evolutions=50
n_max=100
learningRate=10
inputWeights=18.460744872322575,100.21317064368635
weightsRange=-20,80
process_max=50
function=acrobot
