keep=0.45897111446781363
threshold=3.7539158662618597
interSpeciesRate=0.0014895657705853319
noCrossoverOff=0.24946358571332627
probabilityWeightMutated=0.765075460996401
probabilityAddNodeSmall=0.03737219008348217
probabilityAddLink_small=0.01185453745870205
probabilityAddNodeLarge=0.32356814912501364
probabilityAddLink_Large=0.12283491246954771
largeSize=20
c1=1.0767197860280806
c2=0.8878429534462492
c3=0.4540200979236043
numberGenomes=50
numberInputs=52
numberOutputs=3
evolutions=50
n_max=300
learningRate=5
inputWeights=104.80505087129471,169.2733395096771
weightsRange=-10,10
process_max=25
function=
