keep=0.40163922698604204
threshold=2.1316069881420536
interSpeciesRate=0.000557208671662807
noCrossoverOff=0.34507538790108067
probabilityWeightMutated=0.7456972523002594
probabilityAddNodeSmall=0.03551271264670073
probabilityAddLink_small=0.03662934565719257
probabilityAddNodeLarge=0.285221408747533
probabilityAddLink_Large=0.16363153334893304
largeSize=20
c1=1.1241503124553167
c2=1.425285801807958
c3=0.3388536757205368
numberGenomes=50
numberInputs=52
numberOutputs=3
evolutions=50
n_max=300
learningRate=5
inputWeights=100.29372153461838,167.5627786225741
weightsRange=-10,10
process_max=25
function=
